
38.8987686 -77.0408026
34.8020750 38.9968150
61.5240100 105.3187560
36.9787494 -122.0471861
33.9443817 -118.3872738
39.1097500 -84.5082820
29.7519042 -95.3736058
36.2021047 37.1342603
46.2043907 6.1431577
38.9637450 35.2433220
32.4279080 53.6880460
51.1605227 71.4703558
54.5259614 15.2551187
35.1408881 36.7551993
33.5138073 36.2765279
55.7558260 37.6173000
3.1390030 101.6868550
3.1390030 101.6868550
48.8566140 2.3522219
48.8566140 2.3522219
37.0902400 -95.7128910
48.8566140 2.3522219
36.3566484 43.1640004
33.2231910 43.6792910
48.0195730 66.9236840
37.0902400 -95.7128910
37.0902400 -95.7128910
34.0478630 100.6196553
60.1281610 18.6435010
54.5259614 15.2551187
50.8522009 4.3303277
48.8566140 2.3522219
37.0902400 -95.7128910
59.3293235 18.0685808
39.0742080 21.8243120
59.3887910 17.9278536
27.6648274 -81.5157535
55.6049810 13.0038220
44.4669941 -73.1709604
37.0902400 -95.7128910
59.3670471 17.9663093
59.9891440 15.8166418
36.1191344 -115.1751397
19.9026482 -75.1001687
30.1805306 -85.6845780
37.0902400 -95.7128910
37.0902400 -95.7128910
34.0478630 100.6196553
-40.8781649 145.4517605
18.9312250 -90.2618068
37.0902400 -95.7128910
52.3733543 4.8625133
36.1191344 -115.1751397
32.4073589 -87.0211007
37.0902400 -95.7128910
37.0902400 -95.7128910
34.0478630 100.6196553
38.8899389 -77.0090505
32.3668052 -86.2999689
35.6528323 -97.4780954
28.6180446 -97.8022219
18.4506325 73.8609962
37.0902400 -95.7128910
42.3600825 -71.0588801
32.3182314 -86.9022980
32.5641645 -116.9452974
13.2944016 -4.8987523
36.7782610 -119.4179324
41.2033216 -77.1945247
27.6648274 -81.5157535
27.9903597 -82.3017728
33.5037653 -86.8081469
41.8781136 -87.6297982
44.7315540 -93.1779659
40.7444649 -73.9538114
42.6251506 -89.0179332
37.4315734 -78.6568942
9.4769000 -13.7855000
15.1449853 120.5887029
46.7295530 -94.6858998
40.7623737 -73.9739119